00141660225
00146270228
00253930226
00278170220
00303060222
00307740225
00311750228
00343350229
00343510228
00374850220
01691830226
01827760222
02190130225
02401970229
80012730224
80013170222
80013190220
80013790227
80014070223
80016420228
80017180227
80017720220
80018600223
81002890226
83003060221
84000250229
85003750222
86002610227
86004180229
90009790222
91012240221
91012250220
92006090226
92013790222
92019720223
93010430226
94020510221
94024500228
94024520226
94024530225
94024540224
94024550223
94031080222
94033430227
95013000229
95013010228
95013040225
95013050224
96056860222
96056890229
96056930223
80015240221
00516590221
85005170221
80007510227
00296490220
84001170228
96093040226
96057080226
96057000224
96056920224
85005490223
96056790221
94024570221
84003390220
93013000224
84003470220
93012960220
92013860223
91016380221
90009760225
90009750226
81002070225
00379240229
80016460224
80016510226
80017450224
80018510224
96013880222
83002460224
83003520224
80002870220
80004690220
01839930227
00383060225
92013820227
92013780223
91012280227
84000050223
85004830221
96056960220
84000540223
85003730224
96056880220
80016700223
91011670220
96057040220
94024510227
85006960224
01944590221
90009770224
90004590221
00316270222
95006040224
01144840228
00374380228
01124240225
00337460224
00358720225
00358520229
85004510229
81002610228
81000970228
02086700222
81002110229
86001990224
86001550226
86001530228
81001910223
00148580228
95017360223
83005150228
00311730220
00266900224
01429410226
81000910224
00126690221
81002230225
02143860225
02038410227
00290910223
00270680226
00256300229
00255620221
94037350223
81002430221
02401890229
00125390229
02401990227
00149110223
00267990224
00270850225
00410550222
00310930227
00270830227
00270840226
00369340229
02002380224
00342900222
80009310220
00296510225
00285750220
00288090228
82000950228
80008770226
00177020229
83005070228
02362480226
00334870227
00145810222
00291650224
00128850229
00276510229
00149130221
02362470227
00291640225
00291010221
00323920223
00319630224
96086070222
00252040225
80007710223
00308700228
02146620220
83003580228
00124030222
96085260220
80005230224
00278910229
00159240225
00203870225
00256270224
00309060226
00272300229
82000870228
02401740226
02401940222
02401930223
02401750225
02401920224
02402200220
02401730227
02354850220
80009570229
80004770220
83005530221
00292750221
00371860222
80005250222
83002860225
00270970221
00289900227
00301120226
80009710221
00308670223
00308750223
00263320228
00336020227
00249810227
00301100228
83005270224
00159330224
82002730222
00316390228
00311710222
02147150227
00339190225
00110390226
80014520227
00247030224
80007570221
86002710225
83005250226
96084540226
02401760224
96085230223
91016130220
02401910225
96057120220
96085530226
96056980228
96057010223
96057020222
00374450229
00152150223
82000750222
82000230225
02401950221
00386100226
85005290227
83005510223
81001190222
02206530228
00308770221
02146500224
80014820130
00273990226
00291040228
00431040229
85000870221
81000730226
86003230223
00323360222
00272610221
82001090222
81001630227
01584010225
00503560229
80010630228
00341350221
00159270222
92021420226
84002450223
80013230224
81000810226
02110890221
84001310220
80010370221
85000230228
01025950229
83005410226
00260880224
00322440223
95003080223
80003690221
01591870223
83005490228
92013850224
85005390225
80012510220
96016110221
00355870221
00990320228
86001190221
84000620223
96039630221
00123080228
00233820224
96024590224
00293350229
00270960222
00302450226
96001610227
00148590227
86003930228
80008360283
02527840223
80005890225
00249830225
02401960220
00347080228
02402160226
00378700223
02401900226
00291620227
00423390228
00279660229
00266100221
96023310228
96013680226
92019340220
80009910227
90014590229
91001540227
00274540228
00159200229
00149120222
02402000224
84000130223
00371870221
81001250224
96060790225
00343390225
01782430225
80013030228
00340240225
80014030227
01920100227
82000550226
81001210228
00286690227
02375100241
86000490226
02295380394
02571060223
03803460405
02020550121
80009810286
02086810229
86000150184
00340520220
02003000227
80001590936
96017410224
00123240228
02485300228
01579450220
01531350229
02570500229
02570230223
92024900422
84000770226
02511950228
01807370224
00291140226
04399910233
03169870361
00443700224
80017730229
82001370228
01588020469
01683140220
80013710324
80011810308
01062260300
01741290389
80007690235
02496470341
80014550240
80009620438
82005060387
80016920227
01606150223
02050480223
02091030227
82001370236
80001130220
81001870427
02114780220
02327970238
01648950226
00179650221
00267510303
03510961208
80002750935
80007190400
01938560222
80009750367
80010310359
02517840399
02312680396
82001470234
80011830223
80013390234
00318880226
83500210014
90018790221
01591960222
01812230223
94047190221
01739090221
86001170223
91094630331
03882990405
80006330387
80005490240
80003390228
